#t(a.u.)  t(fs) E(t) <a(t)>
0.00 0.00 0.0000000000 0.0000001084
0.10 0.00 0.0007973548 0.0000280631
0.20 0.00 0.0015946838 0.0000102840
0.30 0.01 0.0023919610 0.0000276341
0.40 0.01 0.0031891606 -0.0000667894
0.50 0.01 0.0039862568 -0.0000526231
0.60 0.01 0.0047832236 -0.0001111699
0.70 0.02 0.0055800354 -0.0000656782
0.80 0.02 0.0063766661 0.0000202605
0.90 0.02 0.0071730899 0.0000553469
1.00 0.02 0.0079692811 0.0000617736
1.10 0.03 0.0087652138 0.0001059407
1.20 0.03 0.0095608622 0.0001172932
1.30 0.03 0.0103562004 0.0001614108
1.40 0.03 0.0111512027 0.0001904371
1.50 0.04 0.0119458433 0.0001848827
1.60 0.04 0.0127400963 0.0002983397
1.70 0.04 0.0135339362 0.0004180025
1.80 0.04 0.0143273370 0.0004500161
1.90 0.05 0.0151202730 0.0006081186
2.00 0.05 0.0159127186 0.0006570505
2.10 0.05 0.0167046480 0.0008210148
2.20 0.05 0.0174960356 0.0010916800
2.30 0.06 0.0182868556 0.0012781477
2.40 0.06 0.0190770825 0.0015221168
2.50 0.06 0.0198666905 0.0018419957
2.60 0.06 0.0206556541 0.0020503377
2.70 0.07 0.0214439477 0.0023045378
2.80 0.07 0.0222315456 0.0025459977
2.90 0.07 0.0230184225 0.0028018751
3.00 0.07 0.0238045527 0.0030646355
3.10 0.07 0.0245899107 0.0032638723
3.20 0.08 0.0253744710 0.0035618414
3.30 0.08 0.0261582083 0.0038227288
3.40 0.08 0.0269410971 0.0042020619
3.50 0.08 0.0277231119 0.0046114666
3.60 0.09 0.0285042275 0.0049324692
3.70 0.09 0.0292844184 0.0054142601
3.80 0.09 0.0300636595 0.0059210937
3.90 0.09 0.0308419253 0.0064794512
4.00 0.10 0.0316191907 0.0069186426
4.10 0.10 0.0323954305 0.0073293123
4.20 0.10 0.0331706194 0.0078532618
4.30 0.10 0.0339447323 0.0083929766
4.40 0.11 0.0347177442 0.0090606394
4.50 0.11 0.0354896299 0.0096437475
4.60 0.11 0.0362603643 0.0103895436
4.70 0.11 0.0370299226 0.0110792095
4.80 0.12 0.0377982797 0.0115716254
4.90 0.12 0.0385654107 0.0121325318
5.00 0.12 0.0393312907 0.0128377955
5.10 0.12 0.0400958950 0.0134453406
5.20 0.13 0.0408591986 0.0141945467
5.30 0.13 0.0416211768 0.0149025176
5.40 0.13 0.0423818049 0.0156694273
5.50 0.13 0.0431410582 0.0163208222
5.60 0.14 0.0438989122 0.0170821024
5.70 0.14 0.0446553422 0.0178748537
5.80 0.14 0.0454103236 0.0187219675
5.90 0.14 0.0461638320 0.0195299238
6.00 0.15 0.0469158430 0.0201034121
6.10 0.15 0.0476663322 0.0206613728
6.20 0.15 0.0484152751 0.0213119385
6.30 0.15 0.0491626476 0.0221131885
6.40 0.15 0.0499084254 0.0230884833
6.50 0.16 0.0506525842 0.0239757894
6.60 0.16 0.0513951000 0.0249155687
6.70 0.16 0.0521359486 0.0259156727
6.80 0.16 0.0528751061 0.0268723521
6.90 0.17 0.0536125484 0.0279553538
7.00 0.17 0.0543482516 0.0289935411
7.10 0.17 0.0550821919 0.0300387958
7.20 0.17 0.0558143455 0.0310253650
7.30 0.18 0.0565446886 0.0321035334
7.40 0.18 0.0572731975 0.0331567567
7.50 0.18 0.0579998485 0.0343436495
7.60 0.18 0.0587246182 0.0355316911
7.70 0.19 0.0594474830 0.0367702219
7.80 0.19 0.0601684195 0.0380325014
7.90 0.19 0.0608874042 0.0392284886
8.00 0.19 0.0616044139 0.0403178792
8.10 0.20 0.0623194253 0.0414625344
8.20 0.20 0.0630324151 0.0426702209
8.30 0.20 0.0637433604 0.0438751568
8.40 0.20 0.0644522379 0.0450018744
8.50 0.21 0.0651590248 0.0461663795
8.60 0.21 0.0658636980 0.0472255178
8.70 0.21 0.0665662348 0.0483792216
8.80 0.21 0.0672666123 0.0494282122
8.90 0.22 0.0679648079 0.0505130989
9.00 0.22 0.0686607988 0.0515567902
9.10 0.22 0.0693545625 0.0526839115
9.20 0.22 0.0700460765 0.0536627293
9.30 0.22 0.0707353184 0.0547984799
9.40 0.23 0.0714222658 0.0558566805
9.50 0.23 0.0721068964 0.0568714841
9.60 0.23 0.0727891880 0.0579449541
9.70 0.23 0.0734691185 0.0590591559
9.80 0.24 0.0741466658 0.0601110338
9.90 0.24 0.0748218080 0.0609802996
10.00 0.24 0.0754945231 0.0619382303
10.10 0.24 0.0761647894 0.0627781672
10.20 0.25 0.0768325850 0.0636692166
10.30 0.25 0.0774978884 0.0645580809
10.40 0.25 0.0781606779 0.0655117190
10.50 0.25 0.0788209321 0.0663546341
10.60 0.26 0.0794786294 0.0672220900
10.70 0.26 0.0801337487 0.0680150976
10.80 0.26 0.0807862686 0.0688092331
10.90 0.26 0.0814361680 0.0696717780
11.00 0.27 0.0820834258 0.0705182900
11.10 0.27 0.0827280210 0.0712843674
11.20 0.27 0.0833699326 0.0720126557
11.30 0.27 0.0840091400 0.0727044954
11.40 0.28 0.0846456222 0.0733098704
11.50 0.28 0.0852793588 0.0738678019
11.60 0.28 0.0859103291 0.0743362789
11.70 0.28 0.0865385126 0.0748260470
11.80 0.29 0.0871638891 0.0753771573
11.90 0.29 0.0877864381 0.0758013527
12.00 0.29 0.0884061395 0.0762636208
12.10 0.29 0.0890229733 0.0767217712
12.20 0.30 0.0896369193 0.0770457224
12.30 0.30 0.0902479577 0.0773963191
12.40 0.30 0.0908560687 0.0778280908
12.50 0.30 0.0914612325 0.0781738726
12.60 0.30 0.0920634295 0.0784335190
12.70 0.31 0.0926626402 0.0787421894
12.80 0.31 0.0932588451 0.0789060903
12.90 0.31 0.0938520249 0.0791080115
13.00 0.31 0.0944421604 0.0792781235
13.10 0.32 0.0950292324 0.0794512356
13.20 0.32 0.0956132218 0.0795418578
13.30 0.32 0.0961941098 0.0795462334
13.40 0.32 0.0967718774 0.0795647294
13.50 0.33 0.0973465060 0.0796347844
13.60 0.33 0.0979179769 0.0796330988
13.70 0.33 0.0984862715 0.0795428298
13.80 0.33 0.0990513715 0.0794708085
13.90 0.34 0.0996132584 0.0794390619
14.00 0.34 0.1001719142 0.0793000984
14.10 0.34 0.1007273205 0.0791784236
14.20 0.34 0.1012794596 0.0791085830
14.30 0.35 0.1018283133 0.0789167572
14.40 0.35 0.1023738639 0.0787535793
14.50 0.35 0.1029160938 0.0785603966
14.60 0.35 0.1034549853 0.0784334545
14.70 0.36 0.1039905210 0.0782359124
14.80 0.36 0.1045226834 0.0780646318
14.90 0.36 0.1050514554 0.0777815285
15.00 0.36 0.1055768197 0.0775324441
15.10 0.37 0.1060987594 0.0772554773
15.20 0.37 0.1066172575 0.0770423565
15.30 0.37 0.1071322971 0.0767391751
15.40 0.37 0.1076438616 0.0764909637
15.50 0.37 0.1081519344 0.0761489737
15.60 0.38 0.1086564989 0.0758210794
15.70 0.38 0.1091575389 0.0755398640
15.80 0.38 0.1096550381 0.0752541187
15.90 0.38 0.1101489803 0.0749585089
16.00 0.39 0.1106393495 0.0747277360
16.10 0.39 0.1111261299 0.0744273993
16.20 0.39 0.1116093055 0.0741824197
16.30 0.39 0.1120888608 0.0739644225
16.40 0.40 0.1125647802 0.0737369044
16.50 0.40 0.1130370483 0.0734391101
16.60 0.40 0.1135056496 0.0731946098
16.70 0.40 0.1139705691 0.0728944207
16.80 0.41 0.1144317917 0.0726490856
16.90 0.41 0.1148893023 0.0724186902
17.00 0.41 0.1153430862 0.0721701631
17.10 0.41 0.1157931287 0.0716036206
17.20 0.42 0.1162394150 0.0713287857
17.30 0.42 0.1166819308 0.0712044676
17.40 0.42 0.1171206618 0.0711408285
17.50 0.42 0.1175555936 0.0710700666
17.60 0.43 0.1179867121 0.0709450981
17.70 0.43 0.1184140034 0.0708350705
17.80 0.43 0.1188374537 0.0706573754
17.90 0.43 0.1192570491 0.0705077386
18.00 0.44 0.1196727761 0.0703890314
18.10 0.44 0.1200846212 0.0702363145
18.20 0.44 0.1204925710 0.0700029631
18.30 0.44 0.1208966123 0.0697808222
18.40 0.45 0.1212967319 0.0695944903
18.50 0.45 0.1216929170 0.0693490565
18.60 0.45 0.1220851547 0.0691262517
18.70 0.45 0.1224734321 0.0689128853
18.80 0.45 0.1228577369 0.0687034414
18.90 0.46 0.1232380563 0.0684470323
19.00 0.46 0.1236143783 0.0682002603
19.10 0.46 0.1239866904 0.0679375712
19.20 0.46 0.1243549807 0.0676208045
19.30 0.47 0.1247192372 0.0673235962
19.40 0.47 0.1250794481 0.0670383042
19.50 0.47 0.1254356017 0.0667631879
19.60 0.47 0.1257876865 0.0664632446
19.70 0.48 0.1261356909 0.0661528341
19.80 0.48 0.1264796039 0.0658253181
19.90 0.48 0.1268194141 0.0654588533
20.00 0.48 0.1271551105 0.0651262472
20.10 0.49 0.1274866824 0.0647410501
20.20 0.49 0.1278141189 0.0643216304
20.30 0.49 0.1281374093 0.0639057639
20.40 0.49 0.1284565433 0.0635039506
20.50 0.50 0.1287715104 0.0631312895
20.60 0.50 0.1290823005 0.0627491715
20.70 0.50 0.1293889034 0.0623059515
20.80 0.50 0.1296913093 0.0618733790
20.90 0.51 0.1299895083 0.0614728299
21.00 0.51 0.1302834907 0.0610454142
21.10 0.51 0.1305732469 0.0606298240
21.20 0.51 0.1308587677 0.0602177127
21.30 0.52 0.1311400438 0.0597753084
21.40 0.52 0.1314170659 0.0593535343
21.50 0.52 0.1316898252 0.0589131665
21.60 0.52 0.1319583127 0.0584607466
21.70 0.52 0.1322225198 0.0580273779
21.80 0.53 0.1324824379 0.0575761230
21.90 0.53 0.1327380586 0.0570964627
22.00 0.53 0.1329893736 0.0566384029
22.10 0.53 0.1332363746 0.0562024177
22.20 0.54 0.1334790538 0.0557483349
22.30 0.54 0.1337174033 0.0553039590
22.40 0.54 0.1339514152 0.0548493912
22.50 0.54 0.1341810821 0.0543546227
22.60 0.55 0.1344063964 0.0538849577
22.70 0.55 0.1346273509 0.0534398068
22.80 0.55 0.1348439383 0.0529851078
22.90 0.55 0.1350561518 0.0525303870
23.00 0.56 0.1352639843 0.0520589203
23.10 0.56 0.1354674292 0.0515890462
23.20 0.56 0.1356664798 0.0511259653
23.30 0.56 0.1358611297 0.0506779878
23.40 0.57 0.1360513726 0.0502308560
23.50 0.57 0.1362372022 0.0497563910
23.60 0.57 0.1364186127 0.0492871331
23.70 0.57 0.1365955980 0.0488367704
23.80 0.58 0.1367681525 0.0483777932
23.90 0.58 0.1369362705 0.0479144542
24.00 0.58 0.1370999466 0.0474306672
24.10 0.58 0.1372591755 0.0469667384
24.20 0.59 0.1374139520 0.0465480776
24.30 0.59 0.1375642711 0.0460715254
24.40 0.59 0.1377101280 0.0455925618
24.50 0.59 0.1378515178 0.0451312317
24.60 0.60 0.1379884361 0.0446813041
24.70 0.60 0.1381208783 0.0442384230
24.80 0.60 0.1382488402 0.0437813952
24.90 0.60 0.1383723176 0.0433357702
25.00 0.60 0.1384913065 0.0428814588
25.10 0.61 0.1386058031 0.0424285835
25.20 0.61 0.1387158036 0.0419560652
25.30 0.61 0.1388213045 0.0415064007
25.40 0.61 0.1389223023 0.0410461698
25.50 0.62 0.1390187938 0.0406176478
25.60 0.62 0.1391107759 0.0401981161
25.70 0.62 0.1391982455 0.0397584151
25.80 0.62 0.1392811998 0.0393249761
25.90 0.63 0.1393596362 0.0389069535
26.00 0.63 0.1394335521 0.0384707946
26.10 0.63 0.1395029450 0.0380512943
26.20 0.63 0.1395678128 0.0376203152
26.30 0.64 0.1396281533 0.0372092337
26.40 0.64 0.1396839646 0.0367866590
26.50 0.64 0.1397352449 0.0363770640
26.60 0.64 0.1397819924 0.0359885912
26.70 0.65 0.1398242058 0.0356606350
26.80 0.65 0.1398618836 0.0352554814
26.90 0.65 0.1398950245 0.0348534325
27.00 0.65 0.1399236276 0.0344725273
27.10 0.66 0.1399476919 0.0340887176
27.20 0.66 0.1399672166 0.0337098933
27.30 0.66 0.1399822010 0.0333523506
27.40 0.66 0.1399926448 0.0329736868
27.50 0.67 0.1399985475 0.0326143141
27.60 0.67 0.1399999090 0.0322471480
27.70 0.67 0.1399967292 0.0318915217
27.80 0.67 0.1399890082 0.0315339126
27.90 0.67 0.1399767463 0.0311912386
28.00 0.68 0.1399599439 0.0308420698
28.10 0.68 0.1399386014 0.0305004017
28.20 0.68 0.1399127197 0.0301398672
28.30 0.68 0.1398822995 0.0298089512
28.40 0.69 0.1398473419 0.0295463687
28.50 0.69 0.1398078479 0.0291939247
28.60 0.69 0.1397638189 0.0288573829
28.70 0.69 0.1397152563 0.0285265934
28.80 0.70 0.1396621616 0.0281901771
28.90 0.70 0.1396045365 0.0278559491
29.00 0.70 0.1395423831 0.0275373588
29.10 0.70 0.1394757032 0.0272101992
29.20 0.71 0.1394044990 0.0268771616
29.30 0.71 0.1393287728 0.0265496775
29.40 0.71 0.1392485271 0.0262409158
29.50 0.71 0.1391637645 0.0259299828
29.60 0.72 0.1390744878 0.0256012119
29.70 0.72 0.1389806998 0.0252990918
29.80 0.72 0.1388824036 0.0250381290
29.90 0.72 0.1387796023 0.0247166389
30.00 0.73 0.1386722993 0.0244040335
30.10 0.73 0.1385604982 0.0240982895
30.20 0.73 0.1384442024 0.0238047258
30.30 0.73 0.1383234158 0.0235980366
30.40 0.74 0.1381981423 0.0233019580
30.50 0.74 0.1380683860 0.0230702864
30.60 0.74 0.1379341511 0.0227829002
30.70 0.74 0.1377954419 0.0226592427
30.80 0.75 0.1376522629 0.0223993849
30.90 0.75 0.1375046188 0.0221087968
31.00 0.75 0.1373525143 0.0218208948
31.10 0.75 0.1371959544 0.0215384660
31.20 0.75 0.1370349442 0.0213238055
31.30 0.76 0.1368694889 0.0210402612
31.40 0.76 0.1366995939 0.0207529692
31.50 0.76 0.1365252646 0.0205598101
31.60 0.76 0.1363465068 0.0203012870
31.70 0.77 0.1361633262 0.0200504235
31.80 0.77 0.1359757287 0.0198176791
31.90 0.77 0.1357837205 0.0195509444
32.00 0.77 0.1355873078 0.0193613955
32.10 0.78 0.1353864970 0.0190991399
32.20 0.78 0.1351812945 0.0188454204
32.30 0.78 0.1349717070 0.0186231122
32.40 0.78 0.1347577414 0.0183551607
32.50 0.79 0.1345394045 0.0181523890
32.60 0.79 0.1343167035 0.0178908905
32.70 0.79 0.1340896455 0.0176337565
32.80 0.79 0.1338582380 0.0173753099
32.90 0.80 0.1336224884 0.0171822197
33.00 0.80 0.1333824044 0.0169405730
33.10 0.80 0.1331379938 0.0167129157
33.20 0.80 0.1328892644 0.0165040572
33.30 0.81 0.1326362245 0.0163525733
33.40 0.81 0.1323788821 0.0161431508
33.50 0.81 0.1321172457 0.0159279090
33.60 0.81 0.1318513236 0.0157390162
33.70 0.82 0.1315811246 0.0155316570
33.80 0.82 0.1313066574 0.0153247959
33.90 0.82 0.1310279310 0.0151398443
34.00 0.82 0.1307449542 0.0152230043
34.10 0.82 0.1304577364 0.0150880345
34.20 0.83 0.1301662869 0.0148869906
34.30 0.83 0.1298706150 0.0146939799
34.40 0.83 0.1295707304 0.0145114044
34.50 0.83 0.1292666429 0.0143196081
34.60 0.84 0.1289583622 0.0141366873
34.70 0.84 0.1286458984 0.0139601668
34.80 0.84 0.1283292617 0.0137911565
34.90 0.84 0.1280084622 0.0136192017
35.00 0.85 0.1276835104 0.0134707296
35.10 0.85 0.1273544168 0.0133035469
35.20 0.85 0.1270211922 0.0131657712
35.30 0.85 0.1266838473 0.0129954730
35.40 0.86 0.1263423930 0.0128971676
35.50 0.86 0.1259968405 0.0127336054
35.60 0.86 0.1256472009 0.0125593797
35.70 0.86 0.1252934856 0.0123801739
35.80 0.87 0.1249357060 0.0122058379
35.90 0.87 0.1245738739 0.0120454230
36.00 0.87 0.1242080008 0.0119918930
36.10 0.87 0.1238380987 0.0118262868
36.20 0.88 0.1234641796 0.0119510407
36.30 0.88 0.1230862556 0.0118176163
36.40 0.88 0.1227043389 0.0116578355
36.50 0.88 0.1223184420 0.0214166736
36.60 0.89 0.1219285774 0.0252813456
36.70 0.89 0.1215347576 0.0249814790
36.80 0.89 0.1211369956 0.0246414557
36.90 0.89 0.1207353041 0.0242889551
37.00 0.89 0.1203296963 0.0239392708
37.10 0.90 0.1199201852 0.0236122674
37.20 0.90 0.1195067842 0.0232718784
37.30 0.90 0.1190895067 0.0229249423
37.40 0.90 0.1186683662 0.0225719368
37.50 0.91 0.1182433763 0.0222261723
37.60 0.91 0.1178145509 0.0218829387
37.70 0.91 0.1173819038 0.0215399765
37.80 0.91 0.1169454492 0.0211950236
37.90 0.92 0.1165052011 0.0208612585
38.00 0.92 0.1160611738 0.0205376115
38.10 0.92 0.1156133817 0.0202170409
38.20 0.92 0.1151618395 0.0198975409
38.30 0.93 0.1147065616 0.0195743361
38.40 0.93 0.1142475629 0.0192687284
38.50 0.93 0.1137848583 0.0189819033
38.60 0.93 0.1133184628 0.0187621454
38.70 0.94 0.1128483914 0.0185079442
38.80 0.94 0.1123746595 0.0182610486
38.90 0.94 0.1118972825 0.0295653831
39.00 0.94 0.1114162757 0.0347270371
39.10 0.95 0.1109316549 0.0342543972
39.20 0.95 0.1104434356 0.0337302809
39.30 0.95 0.1099516339 0.0332168441
39.40 0.95 0.1094562655 0.0326794028
39.50 0.96 0.1089573466 0.0321493912
39.60 0.96 0.1084548934 0.0316337379
39.70 0.96 0.1079489222 0.0311658711
39.80 0.96 0.1074394494 0.0306363710
39.90 0.97 0.1069264914 0.0301214931
40.00 0.97 0.1064100650 0.0296161250
40.10 0.97 0.1058901869 0.0291463500
40.20 0.97 0.1053668740 0.0286831895
40.30 0.97 0.1048401432 0.0282425114
40.40 0.98 0.1043100116 0.0278766080
40.50 0.98 0.1037764965 0.0274695315
40.60 0.98 0.1032396150 0.0270859903
40.70 0.98 0.1026993847 0.0267137280
40.80 0.99 0.1021558231 0.0263387662
40.90 0.99 0.1016089478 0.0259793250
41.00 0.99 0.1010587765 0.0256201726
41.10 0.99 0.1005053270 0.0252623385
41.20 1.00 0.0999486174 0.0249017078
41.30 1.00 0.0993886657 0.0245745903
41.40 1.00 0.0988254901 0.0242562673
41.50 1.00 0.0982591088 0.0239544566
41.60 1.01 0.0976895402 0.0236602543
41.70 1.01 0.0971168027 0.0233674680
41.80 1.01 0.0965409150 0.0230775488
41.90 1.01 0.0959618957 0.0227801444
42.00 1.02 0.0953797637 0.0224972859
42.10 1.02 0.0947945377 0.0222182312
42.20 1.02 0.0942062368 0.0219507244
42.30 1.02 0.0936148801 0.0216964821
42.40 1.03 0.0930204867 0.0214665537
42.50 1.03 0.0924230760 0.0212359955
42.60 1.03 0.0918226672 0.0210360988
42.70 1.03 0.0912192800 0.0208062580
42.80 1.04 0.0906129337 0.0206027744
42.90 1.04 0.0900036482 0.0203999624
43.00 1.04 0.0893914432 0.0201958876
43.10 1.04 0.0887763386 0.0199952614
43.20 1.04 0.0881583542 0.0197948335
43.30 1.05 0.0875375101 0.0196135188
43.40 1.05 0.0869138266 0.0194079465
43.50 1.05 0.0862873238 0.0191945304
43.60 1.05 0.0856580219 0.0189903975
43.70 1.06 0.0850259416 0.0188808473
43.80 1.06 0.0843911032 0.0187546682
43.90 1.06 0.0837535273 0.0187975543
44.00 1.06 0.0831132347 0.0187060469
44.10 1.07 0.0824702460 0.0185924715
44.20 1.07 0.0818245822 0.0184771812
44.30 1.07 0.0811762642 0.0183665600
44.40 1.07 0.0805253130 0.0182223563
44.50 1.08 0.0798717498 0.0180745724
44.60 1.08 0.0792155957 0.0179176018
44.70 1.08 0.0785568720 0.0177141605
44.80 1.08 0.0778956001 0.0175332956
44.90 1.09 0.0772318015 0.0173225957
45.00 1.09 0.0765654976 0.0171413446
45.10 1.09 0.0758967101 0.0169834073
45.20 1.09 0.0752254607 0.0169222799
45.30 1.10 0.0745517712 0.0167979075
45.40 1.10 0.0738756634 0.0167059158
45.50 1.10 0.0731971592 0.0166456485
45.60 1.10 0.0725162806 0.0165856458
45.70 1.11 0.0718330498 0.0165292354
45.80 1.11 0.0711474889 0.0164606754
45.90 1.11 0.0704596201 0.0163841570
46.00 1.11 0.0697694658 0.0162894729
46.10 1.12 0.0690770483 0.0161368602
46.20 1.12 0.0683823901 0.0159565661
46.30 1.12 0.0676855138 0.0157952836
46.40 1.12 0.0669864418 0.0159019980
46.50 1.12 0.0662851970 0.0158169883
46.60 1.13 0.0655818020 0.0156863097
46.70 1.13 0.0648762798 0.0155856766
46.80 1.13 0.0641686530 0.0154579678
46.90 1.13 0.0634589448 0.0156175178
47.00 1.14 0.0627471781 0.0156180064
47.10 1.14 0.0620333761 0.0156462139
47.20 1.14 0.0613175618 0.0156914483
47.30 1.14 0.0605997585 0.0156435676
47.40 1.15 0.0598799895 0.0156397592
47.50 1.15 0.0591582781 0.0157963854
47.60 1.15 0.0584346478 0.0158851336
47.70 1.15 0.0577091220 0.0158937980
47.80 1.16 0.0569817242 0.0158556092
47.90 1.16 0.0562524780 0.0157846590
48.00 1.16 0.0555214072 0.0176062260
48.10 1.16 0.0547885354 0.0188594871
48.20 1.17 0.0540538863 0.0185915213
48.30 1.17 0.0533174839 0.0182951304
48.40 1.17 0.0525793520 0.0179817400
48.50 1.17 0.0518395145 0.0176227578
48.60 1.18 0.0510979954 0.0173839226
48.70 1.18 0.0503548189 0.0170768099
48.80 1.18 0.0496100089 0.0167619666
48.90 1.18 0.0488635897 0.0166838273
49.00 1.19 0.0481155855 0.0164423650
49.10 1.19 0.0473660206 0.0161395374
49.20 1.19 0.0466149191 0.0159162744
49.30 1.19 0.0458623056 0.0155613308
49.40 1.19 0.0451082045 0.0152519860
49.50 1.20 0.0443526401 0.0149759224
49.60 1.20 0.0435956370 0.0147082645
49.70 1.20 0.0428372198 0.0145592483
49.80 1.20 0.0420774130 0.0143110459
49.90 1.21 0.0413162414 0.0140953782
50.00 1.21 0.0405537295 0.0139530040
50.10 1.21 0.0397899022 0.0138828882
50.20 1.21 0.0390247841 0.0137637821
50.30 1.22 0.0382584002 0.0136719108
50.40 1.22 0.0374907753 0.0136909996
50.50 1.22 0.0367219343 0.0136317096
50.60 1.22 0.0359519020 0.0136753706
50.70 1.23 0.0351807036 0.0136474454
50.80 1.23 0.0344083640 0.0138505032
50.90 1.23 0.0336349083 0.0138035586
51.00 1.23 0.0328603615 0.0137761217
51.10 1.24 0.0320847488 0.0137805229
51.20 1.24 0.0313080954 0.0137867449
51.30 1.24 0.0305304264 0.0138011338
51.40 1.24 0.0297517670 0.0138110651
51.50 1.25 0.0289721426 0.0139307112
51.60 1.25 0.0281915784 0.0138983165
51.70 1.25 0.0274100997 0.0138528934
51.80 1.25 0.0266277319 0.0137975220
51.90 1.26 0.0258445003 0.0137331867
52.00 1.26 0.0250604304 0.0136698263
52.10 1.26 0.0242755476 0.0136317029
52.20 1.26 0.0234898774 0.0136007281
52.30 1.27 0.0227034452 0.0135792598
52.40 1.27 0.0219162765 0.0139659358
52.50 1.27 0.0211283970 0.0140750417
52.60 1.27 0.0203398321 0.0141303045
52.70 1.27 0.0195506074 0.0141669093
52.80 1.28 0.0187607485 0.0141919184
52.90 1.28 0.0179702811 0.0142020547
53.00 1.28 0.0171792307 0.0142137964
53.10 1.28 0.0163876231 0.0141799976
53.20 1.29 0.0155954839 0.0141105714
53.30 1.29 0.0148028389 0.0140184765
53.40 1.29 0.0140097136 0.0139046907
53.50 1.29 0.0132161340 0.0137470857
53.60 1.30 0.0124221256 0.0135598866
53.70 1.30 0.0116277143 0.0133423234
53.80 1.30 0.0108329257 0.0131056985
53.90 1.30 0.0100377859 0.0128736370
54.00 1.31 0.0092423204 0.0126445202
54.10 1.31 0.0084465550 0.0123691205
54.20 1.31 0.0076505158 0.0123062150
54.30 1.31 0.0068542283 0.0120283031
54.40 1.32 0.0060577185 0.0117949390
54.50 1.32 0.0052610122 0.0115812011
54.60 1.32 0.0044641353 0.0112699695
54.70 1.32 0.0036671135 0.0109327235
54.80 1.33 0.0028699728 0.0106414585
54.90 1.33 0.0020727390 0.0103365181
55.00 1.33 0.0012754380 0.0101724125
55.10 1.33 0.0004780956 0.0098811201
55.20 1.34 -0.0003192623 0.0096412585
55.30 1.34 -0.0011166099 0.0093949349
55.40 1.34 -0.0019139212 0.0092384140
55.50 1.34 -0.0027111705 0.0091406974
55.60 1.34 -0.0035083318 0.0090771553
55.70 1.35 -0.0043053793 0.0090525639
55.80 1.35 -0.0051022871 0.0091351880
55.90 1.35 -0.0058990295 0.0091928671
56.00 1.35 -0.0066955805 0.0093351439
56.10 1.36 -0.0074919143 0.0095595811
56.20 1.36 -0.0082880051 0.0097194535
56.30 1.36 -0.0090838270 0.0102350190
56.40 1.36 -0.0098793543 0.0104715007
56.50 1.37 -0.0106745611 0.0109920710
56.60 1.37 -0.0114694216 0.0112584022
56.70 1.37 -0.0122639102 0.0116446206
56.80 1.37 -0.0130580009 0.0119872274
56.90 1.38 -0.0138516680 0.0124747313
57.00 1.38 -0.0146448858 0.0130353871
57.10 1.38 -0.0154376286 0.0135775755
57.20 1.38 -0.0162298706 0.0141542456
57.30 1.39 -0.0170215861 0.0147039321
57.40 1.39 -0.0178127495 0.0158055931
57.50 1.39 -0.0186033351 0.0163576650
57.60 1.39 -0.0193933172 0.0169134839
57.70 1.40 -0.0201826703 0.0173579149
57.80 1.40 -0.0209713687 0.0177049811
57.90 1.40 -0.0217593868 0.0179033860
58.00 1.40 -0.0225466991 0.0180318453
58.10 1.41 -0.0233332801 0.0180051562
58.20 1.41 -0.0241191041 0.0177680206
58.30 1.41 -0.0249041458 0.0175311614
58.40 1.41 -0.0256883797 0.0174709409
58.50 1.42 -0.0264717802 0.0168799303
58.60 1.42 -0.0272543221 0.0162276273
58.70 1.42 -0.0280359800 0.0157441023
58.80 1.42 -0.0288167284 0.0150268002
58.90 1.42 -0.0295965420 0.0146366955
59.00 1.43 -0.0303753956 0.0146494010
59.10 1.43 -0.0311532639 0.0140760920
59.20 1.43 -0.0319301217 0.0135280945
59.30 1.43 -0.0327059437 0.0127114792
59.40 1.44 -0.0334807048 0.0121477914
59.50 1.44 -0.0342543799 0.0113579808
59.60 1.44 -0.0350269438 0.0106015888
59.70 1.44 -0.0357983715 0.0127720958
59.80 1.45 -0.0365686380 0.0131424860
59.90 1.45 -0.0373377184 0.0131867149
60.00 1.45 -0.0381055875 0.0131701258
60.10 1.45 -0.0388722206 0.0126413536
60.20 1.46 -0.0396375928 0.0120289511
60.30 1.46 -0.0404016792 0.0114753194
60.40 1.46 -0.0411644551 0.0122863992
60.50 1.46 -0.0419258957 0.0118085996
60.60 1.47 -0.0426859763 0.0117090046
60.70 1.47 -0.0434446723 0.0112510404
60.80 1.47 -0.0442019591 0.0114994513
60.90 1.47 -0.0449578120 0.0111450001
61.00 1.48 -0.0457122066 0.0121895488
61.10 1.48 -0.0464651184 0.0121950730
61.20 1.48 -0.0472165229 0.0122788375
61.30 1.48 -0.0479663959 0.0123607618
61.40 1.49 -0.0487147130 0.0127203173
61.50 1.49 -0.0494614498 0.0128131640
61.60 1.49 -0.0502065822 0.0130014724
61.70 1.49 -0.0509500861 0.0132377575
61.80 1.49 -0.0516919372 0.0135573717
61.90 1.50 -0.0524321116 0.0138270409
62.00 1.50 -0.0531705852 0.0145218338
62.10 1.50 -0.0539073341 0.0147077922
62.20 1.50 -0.0546423343 0.0149142199
62.30 1.51 -0.0553755620 0.0150308944
62.40 1.51 -0.0561069935 0.0152168869
62.50 1.51 -0.0568366050 0.0154538801
62.60 1.51 -0.0575643729 0.0155879289
62.70 1.52 -0.0582902735 0.0156550307
62.80 1.52 -0.0590142833 0.0156744164
62.90 1.52 -0.0597363788 0.0156081197
63.00 1.52 -0.0604565366 0.0154256214
63.10 1.53 -0.0611747333 0.0151881914
63.20 1.53 -0.0618909456 0.0150677890
63.30 1.53 -0.0626051504 0.0146227207
63.40 1.53 -0.0633173243 0.0141857231
63.50 1.54 -0.0640274444 0.0136479849
63.60 1.54 -0.0647354876 0.0131887982
63.70 1.54 -0.0654414310 0.0130594514
63.80 1.54 -0.0661452515 0.0123465486
63.90 1.55 -0.0668469264 0.0115232051
64.00 1.55 -0.0675464330 0.0115122528
64.10 1.55 -0.0682437486 0.0106183409
64.20 1.55 -0.0689388504 0.0097112098
64.30 1.56 -0.0696317160 0.0089763334
64.40 1.56 -0.0703223230 0.0083291326
64.50 1.56 -0.0710106488 0.0076666981
64.60 1.56 -0.0716966712 0.0084531547
64.70 1.57 -0.0723803680 0.0076254341
64.80 1.57 -0.0730617168 0.0079384404
64.90 1.57 -0.0737406958 0.0074030607
65.00 1.57 -0.0744172827 0.0073291775
65.10 1.57 -0.0750914557 0.0068817753
65.20 1.58 -0.0757631929 0.0063470462
65.30 1.58 -0.0764324726 0.0061016826
65.40 1.58 -0.0770992729 0.0082106198
65.50 1.58 -0.0777635723 0.0084751027
65.60 1.59 -0.0784253492 0.0084947101
65.70 1.59 -0.0790845822 0.0087805940
65.80 1.59 -0.0797412499 0.0086719946
65.90 1.59 -0.0803953309 0.0085741901
66.00 1.60 -0.0810468041 0.0082521074
66.10 1.60 -0.0816956483 0.0083591425
66.20 1.60 -0.0823418425 0.0083904019
66.30 1.60 -0.0829853657 0.0086153365
66.40 1.61 -0.0836261970 0.0089572241
66.50 1.61 -0.0842643157 0.0105646751
66.60 1.61 -0.0848997011 0.0111362111
66.70 1.61 -0.0855323325 0.0114780147
66.80 1.62 -0.0861621894 0.0115232704
66.90 1.62 -0.0867892514 0.0115022455
67.00 1.62 -0.0874134982 0.0121132675
67.10 1.62 -0.0880349095 0.0123905497
67.20 1.63 -0.0886534651 0.0124957209
67.30 1.63 -0.0892691450 0.0124070232
67.40 1.63 -0.0898819292 0.0122850103
67.50 1.63 -0.0904917979 0.0121277138
67.60 1.64 -0.0910987312 0.0119368368
67.70 1.64 -0.0917027094 0.0117759692
67.80 1.64 -0.0923037131 0.0115817119
67.90 1.64 -0.0929017226 0.0115868256
68.00 1.64 -0.0934967185 0.0114151781
68.10 1.65 -0.0940886817 0.0112304817
68.20 1.65 -0.0946775928 0.0111040081
68.30 1.65 -0.0952634328 0.0108846675
68.40 1.65 -0.0958461827 0.0107552411
68.50 1.66 -0.0964258235 0.0105577990
68.60 1.66 -0.0970023365 0.0103896396
68.70 1.66 -0.0975757030 0.0103557526
68.80 1.66 -0.0981459043 0.0103396606
68.90 1.67 -0.0987129220 0.0103122312
69.00 1.67 -0.0992767377 0.0102576414
69.10 1.67 -0.0998373331 0.0104028093
69.20 1.67 -0.1003946899 0.0105395049
69.30 1.68 -0.1009487902 0.0106255638
69.40 1.68 -0.1014996160 0.0107018109
69.50 1.68 -0.1020471493 0.0108131222
69.60 1.68 -0.1025913724 0.0108506342
69.70 1.69 -0.1031322677 0.0109251289
69.80 1.69 -0.1036698176 0.0110408648
69.90 1.69 -0.1042040047 0.0111617136
70.00 1.69 -0.1047348117 0.0108489104
70.10 1.70 -0.1052622213 0.0108756331
70.20 1.70 -0.1057862164 0.0110090698
70.30 1.70 -0.1063067801 0.0111753801
70.40 1.70 -0.1068238954 0.0113292108
70.50 1.71 -0.1073375456 0.0114924634
70.60 1.71 -0.1078477140 0.0116987837
70.70 1.71 -0.1083543841 0.0119196489
70.80 1.71 -0.1088575393 0.0121552227
70.90 1.71 -0.1093571635 0.0123893618
71.00 1.72 -0.1098532404 0.0110920542
71.10 1.72 -0.1103457539 0.0114003595
71.20 1.72 -0.1108346881 0.0115521657
71.30 1.72 -0.1113200270 0.0117436646
71.40 1.73 -0.1118017549 0.0116399210
71.50 1.73 -0.1122798563 0.0118494509
71.60 1.73 -0.1127543155 0.0120916475
71.70 1.73 -0.1132251172 0.0123113498
71.80 1.74 -0.1136922462 0.0124799058
71.90 1.74 -0.1141556873 0.0127740970
72.00 1.74 -0.1146154254 0.0129150199
72.10 1.74 -0.1150714456 0.0132614267
72.20 1.75 -0.1155237332 0.0135713565
72.30 1.75 -0.1159722734 0.0138497016
72.40 1.75 -0.1164170518 0.0140091249
72.50 1.75 -0.1168580538 0.0143388442
72.60 1.76 -0.1172952653 0.0144360295
72.70 1.76 -0.1177286719 0.0147915373
72.80 1.76 -0.1181582597 0.0151055533
72.90 1.76 -0.1185840148 0.0151640553
73.00 1.77 -0.1190059232 0.0153135651
73.10 1.77 -0.1194239713 0.0153648304
73.20 1.77 -0.1198381456 0.0153983703
73.30 1.77 -0.1202484326 0.0154541801
73.40 1.78 -0.1206548190 0.0154358253
73.50 1.78 -0.1210572917 0.0153387519
73.60 1.78 -0.1214558375 0.0149945113
73.70 1.78 -0.1218504435 0.0147541874
73.80 1.79 -0.1222410971 0.0141834029
73.90 1.79 -0.1226277853 0.0135365642
74.00 1.79 -0.1230104959 0.0132372411
74.10 1.79 -0.1233892162 0.0125021835
74.20 1.79 -0.1237639341 0.0117968525
74.30 1.80 -0.1241346373 0.0110666941
74.40 1.80 -0.1245013139 0.0104965688
74.50 1.80 -0.1248639519 0.0097986974
74.60 1.80 -0.1252225397 0.0091554763
74.70 1.81 -0.1255770655 0.0086728056
74.80 1.81 -0.1259275179 0.0082840633
74.90 1.81 -0.1262738854 0.0076861265
75.00 1.81 -0.1266161570 0.0071873317
75.10 1.82 -0.1269543214 0.0071377106
75.20 1.82 -0.1272883676 0.0067168222
75.30 1.82 -0.1276182850 0.0063947493
75.40 1.82 -0.1279440626 0.0063178450
75.50 1.83 -0.1282656901 0.0060213845
75.60 1.83 -0.1285831569 0.0057206771
75.70 1.83 -0.1288964528 0.0053289123
75.80 1.83 -0.1292055675 0.0051119836
75.90 1.84 -0.1295104911 0.0046315244
76.00 1.84 -0.1298112137 0.0040319798
76.10 1.84 -0.1301077255 0.0033506882
76.20 1.84 -0.1304000169 0.0027108751
76.30 1.85 -0.1306880784 0.0017637842
76.40 1.85 -0.1309719007 0.0007134317
76.50 1.85 -0.1312514746 -0.0004235468
76.60 1.85 -0.1315267909 -0.0015247198
76.70 1.86 -0.1317978408 -0.0027063164
76.80 1.86 -0.1320646155 -0.0040093136
76.90 1.86 -0.1323271063 -0.0053079665
77.00 1.86 -0.1325853048 -0.0065028750
77.10 1.86 -0.1328392024 -0.0075515935
77.20 1.87 -0.1330887911 -0.0083456291
77.30 1.87 -0.1333340626 -0.0090503424
77.40 1.87 -0.1335750091 -0.0095893217
77.50 1.87 -0.1338116227 -0.0098368792
77.60 1.88 -0.1340438958 -0.0099350497
77.70 1.88 -0.1342718208 -0.0098129597
77.80 1.88 -0.1344953903 -0.0094840040
77.90 1.88 -0.1347145971 -0.0092041557
78.00 1.89 -0.1349294341 -0.0089232153
78.10 1.89 -0.1351398942 -0.0085043330
78.20 1.89 -0.1353459707 -0.0079673873
78.30 1.89 -0.1355476569 -0.0075446098
78.40 1.90 -0.1357449462 -0.0072507532
78.50 1.90 -0.1359378323 -0.0068742163
78.60 1.90 -0.1361263089 -0.0062940020
78.70 1.90 -0.1363103698 -0.0039463756
78.80 1.91 -0.1364900091 -0.0038137079
78.90 1.91 -0.1366652210 -0.0037020167
79.00 1.91 -0.1368359998 -0.0034857637
79.10 1.91 -0.1370023399 -0.0033075640
79.20 1.92 -0.1371642360 -0.0354208266
79.30 1.92 -0.1373216828 -0.0560641297
79.40 1.92 -0.1374746751 -0.0594555449
79.50 1.92 -0.1376232081 -0.0617759683
79.60 1.93 -0.1377672770 -0.0634572562
79.70 1.93 -0.1379068769 -0.0650495791
79.80 1.93 -0.1380420035 -0.0659940760
79.90 1.93 -0.1381726523 -0.0660758990
80.00 1.94 -0.1382988191 -0.0618439299
80.10 1.94 -0.1384204998 -0.0597094092
80.20 1.94 -0.1385376904 -0.0570374960
80.30 1.94 -0.1386503872 -0.0536495990
80.40 1.94 -0.1387585865 -0.0495333619
80.50 1.95 -0.1388622848 -0.0448581597
80.60 1.95 -0.1389614787 -0.0395939966
80.70 1.95 -0.1390561649 -0.0338427277
80.80 1.95 -0.1391463406 -0.0278670899
80.90 1.96 -0.1392320026 -0.0217405955
81.00 1.96 -0.1393131483 -0.0156129388
81.10 1.96 -0.1393897749 -0.0097077652
81.20 1.96 -0.1394618801 -0.0040246239
81.30 1.97 -0.1395294614 0.0014668438
81.40 1.97 -0.1395925167 0.0064243466
81.50 1.97 -0.1396510439 0.0111424461
81.60 1.97 -0.1397050412 0.0153538708
81.70 1.98 -0.1397545068 0.0189979930
81.80 1.98 -0.1397994390 0.0221319754
81.90 1.98 -0.1398398365 0.0249261463
82.00 1.98 -0.1398756979 0.0271276294
82.10 1.99 -0.1399070220 0.0289821470
82.20 1.99 -0.1399338078 0.0306208284
82.30 1.99 -0.1399560545 0.0313337743
82.40 1.99 -0.1399737614 0.0321529921
82.50 2.00 -0.1399869278 0.0327993542
82.60 2.00 -0.1399955534 0.0330972655
82.70 2.00 -0.1399996378 0.0329810456
82.80 2.00 -0.1399991809 0.0325434966
82.90 2.01 -0.1399941828 0.0317427097
83.00 2.01 -0.1399846436 0.0308404033
83.10 2.01 -0.1399705636 0.0297421980
83.20 2.01 -0.1399519433 0.0282015383
83.30 2.01 -0.1399287832 0.0264217610
83.40 2.02 -0.1399010842 0.0245295918
83.50 2.02 -0.1398688471 0.0226107521
83.60 2.02 -0.1398320730 0.0204690065
83.70 2.02 -0.1397907630 0.0183079329
83.80 2.03 -0.1397449186 0.0162139053
83.90 2.03 -0.1396945411 0.0140277030
84.00 2.03 -0.1396396322 0.0119552172
84.10 2.03 -0.1395801938 0.0098323335
84.20 2.04 -0.1395162277 0.0078570107
84.30 2.04 -0.1394477360 0.0058907462
84.40 2.04 -0.1393747209 0.0039928158
84.50 2.04 -0.1392971848 0.0021321342
84.60 2.05 -0.1392151302 0.0004339988
84.70 2.05 -0.1391285599 -0.0011180081
84.80 2.05 -0.1390374764 -0.0026741705
84.90 2.05 -0.1389418830 -0.0040451511
85.00 2.06 -0.1388417825 -0.0052058731
85.10 2.06 -0.1387371784 -0.0062363404
85.20 2.06 -0.1386280739 -0.0071872848
85.30 2.06 -0.1385144727 -0.0080422187
85.40 2.07 -0.1383963783 -0.0085995830
85.50 2.07 -0.1382737947 -0.0089844897
85.60 2.07 -0.1381467258 -0.0091327654
85.70 2.07 -0.1380151757 -0.0090655682
85.80 2.08 -0.1378791488 -0.0088041343
85.90 2.08 -0.1377386493 -0.0082892397
86.00 2.08 -0.1375936819 -0.0075780243
86.10 2.08 -0.1374442513 -0.0067722898
86.20 2.09 -0.1372903623 -0.0058335290
86.30 2.09 -0.1371320199 -0.0047952341
86.40 2.09 -0.1369692292 -0.0037701337
86.50 2.09 -0.1368019956 -0.0028936648
86.60 2.09 -0.1366303244 -0.0022465417
86.70 2.10 -0.1364542213 -0.0020091679
86.80 2.10 -0.1362736918 -0.0022168479
86.90 2.10 -0.1360887420 -0.0028359184
87.00 2.10 -0.1358993778 -0.0040101596
87.10 2.11 -0.1357056053 -0.0056392154
87.20 2.11 -0.1355074308 -0.0080715099
87.30 2.11 -0.1353048607 -0.0110792400
87.40 2.11 -0.1350979017 -0.0145832993
87.50 2.12 -0.1348865604 -0.0185955984
87.60 2.12 -0.1346708436 -0.0229056590
87.70 2.12 -0.1344507585 -0.0273488229
87.80 2.12 -0.1342263121 -0.0318976766
87.90 2.13 -0.1339975116 -0.0363896949
88.00 2.13 -0.1337643646 -0.0405671924
88.10 2.13 -0.1335268786 -0.0445185910
88.20 2.13 -0.1332850613 -0.0481848002
88.30 2.14 -0.1330389205 -0.0513834007
88.40 2.14 -0.1327884642 -0.0541967347
88.50 2.14 -0.1325337006 -0.0567133381
88.60 2.14 -0.1322746379 -0.0588384973
88.70 2.15 -0.1320112844 -0.0607301507
88.80 2.15 -0.1317436489 -0.0623755560
88.90 2.15 -0.1314717398 -0.0638486279
89.00 2.15 -0.1311955661 -0.0651221232
89.10 2.16 -0.1309151368 -0.0661068898
89.20 2.16 -0.1306304608 -0.0669196451
89.30 2.16 -0.1303415475 -0.0674440855
89.40 2.16 -0.1300484062 -0.0677481613
89.50 2.16 -0.1297510464 -0.0674639378
89.60 2.17 -0.1294494778 -0.0667764263
89.70 2.17 -0.1291437101 -0.0656709311
89.80 2.17 -0.1288337533 -0.0670535605
89.90 2.17 -0.1285196174 -0.0678111508
90.00 2.18 -0.1282013127 -0.0662093535
90.10 2.18 -0.1278788493 -0.0645190218
90.20 2.18 -0.1275522379 -0.0628482050
90.30 2.18 -0.1272214890 -0.0725162618
90.40 2.19 -0.1268866133 -0.0755834637
90.50 2.19 -0.1265476216 -0.0753392488
90.60 2.19 -0.1262045251 -0.0750838757
90.70 2.19 -0.1258573347 -0.0748604731
90.80 2.20 -0.1255060619 -0.0746755778
90.90 2.20 -0.1251507179 -0.0744787435
91.00 2.20 -0.1247913143 -0.0744378909
91.10 2.20 -0.1244278627 -0.0742747505
91.20 2.21 -0.1240603750 -0.0740816481
91.30 2.21 -0.1236888630 -0.0738024485
91.40 2.21 -0.1233133389 -0.0734465453
91.50 2.21 -0.1229338148 -0.0730110024
91.60 2.22 -0.1225503029 -0.0724597441
91.70 2.22 -0.1221628158 -0.0718471889
91.80 2.22 -0.1217713660 -0.0712362848
91.90 2.22 -0.1213759662 -0.0704996730
92.00 2.23 -0.1209766293 -0.0697058941
92.10 2.23 -0.1205733681 -0.0688630856
92.20 2.23 -0.1201661959 -0.0679552129
92.30 2.23 -0.1197551257 -0.0669353938
92.40 2.24 -0.1193401709 -0.0658488695
92.50 2.24 -0.1189213450 -0.0645763203
92.60 2.24 -0.1184986615 -0.0631628886
92.70 2.24 -0.1180721342 -0.0616245327
92.80 2.24 -0.1176417770 -0.0599610172
92.90 2.25 -0.1172076036 -0.0582024874
93.00 2.25 -0.1167696284 -0.0560717779
93.10 2.25 -0.1163278654 -0.0541105101
93.20 2.25 -0.1158823290 -0.0522041968
93.30 2.26 -0.1154330336 -0.0503372522
93.40 2.26 -0.1149799938 -0.0484931162
93.50 2.26 -0.1145232244 -0.0467156117
93.60 2.26 -0.1140627400 -0.0450031622
93.70 2.27 -0.1135985557 -0.0433483965
93.80 2.27 -0.1131306866 -0.0417785297
93.90 2.27 -0.1126591477 -0.0403102177
94.00 2.27 -0.1121839545 -0.0389166951
94.10 2.28 -0.1117051222 -0.0375486174
94.20 2.28 -0.1112226665 -0.0363340570
94.30 2.28 -0.1107366029 -0.0350489633
94.40 2.28 -0.1102469474 -0.0337973353
94.50 2.29 -0.1097537156 -0.0325767979
94.60 2.29 -0.1092569237 -0.0313588389
94.70 2.29 -0.1087565877 -0.0301453454
94.80 2.29 -0.1082527240 -0.0289466193
94.90 2.30 -0.1077453487 -0.0277507654
95.00 2.30 -0.1072344784 -0.0265450948
95.10 2.30 -0.1067201297 -0.0253521528
95.20 2.30 -0.1062023192 -0.0242023394
95.30 2.31 -0.1056810638 -0.0230701007
95.40 2.31 -0.1051563803 -0.0219525814
95.50 2.31 -0.1046282858 -0.0208747798
95.60 2.31 -0.1040967974 -0.0198437105
95.70 2.31 -0.1035619323 -0.0188378687
95.80 2.32 -0.1030237078 -0.0178707865
95.90 2.32 -0.1024821416 -0.0169401047
96.00 2.32 -0.1019372510 -0.0161001538
96.10 2.32 -0.1013890538 -0.0153545032
96.20 2.33 -0.1008375678 -0.0147500429
96.30 2.33 -0.1002828109 -0.0143461696
96.40 2.33 -0.0997248009 -0.0141689887
96.50 2.33 -0.0991635562 -0.0142989568
96.60 2.34 -0.0985990948 -0.0146657449
96.70 2.34 -0.0980314351 -0.0153212283
96.80 2.34 -0.0974605954 -0.0163124664
96.90 2.34 -0.0968865944 -0.0176055110
97.00 2.35 -0.0963094506 -0.0191333669
97.10 2.35 -0.0957291827 -0.0208220510
97.20 2.35 -0.0951458095 -0.0226106323
97.30 2.35 -0.0945593501 -0.0244031611
97.40 2.36 -0.0939698233 -0.0260229829
97.50 2.36 -0.0933772484 -0.0274486100
97.60 2.36 -0.0927816446 -0.0285924468
97.70 2.36 -0.0921830311 -0.0294179700
97.80 2.37 -0.0915814274 -0.0298174347
97.90 2.37 -0.0909768530 -0.0298983741
98.00 2.37 -0.0903693275 -0.0295697404
98.10 2.37 -0.0897588707 -0.0289779597
98.20 2.38 -0.0891455023 -0.0281519538
98.30 2.38 -0.0885292422 -0.0271618037
98.40 2.38 -0.0879101104 -0.0261269900
98.50 2.38 -0.0872881270 -0.0251203037
98.60 2.39 -0.0866633121 -0.0250968237
98.70 2.39 -0.0860356862 -0.0245880442
98.80 2.39 -0.0854052694 -0.0240212231
98.90 2.39 -0.0847720822 -0.0234856338
99.00 2.39 -0.0841361452 -0.0229903017
99.10 2.40 -0.0834974791 -0.0225036062
99.20 2.40 -0.0828561045 -0.0220229603
99.30 2.40 -0.0822120422 -0.0215359773
99.40 2.40 -0.0815653131 -0.0210283706
99.50 2.41 -0.0809159383 -0.0204869246
99.60 2.41 -0.0802639387 -0.0198829516
99.70 2.41 -0.0796093355 -0.0192381270
99.80 2.41 -0.0789521500 -0.0185299530
99.90 2.42 -0.0782924034 -0.0177524356
100.00 2.42 -0.0776301173 -0.0169278448
100.10 2.42 -0.0769653129 -0.0161656868
100.20 2.42 -0.0762980120 -0.0153244458
100.30 2.43 -0.0756282362 -0.0144705742
100.40 2.43 -0.0749560071 -0.0136473529
100.50 2.43 -0.0742813467 -0.0129181264
100.60 2.43 -0.0736042767 -0.0122388954
100.70 2.44 -0.0729248192 -0.0116285569
100.80 2.44 -0.0722429961 -0.0111182316
100.90 2.44 -0.0715588297 -0.0107030283
101.00 2.44 -0.0708723420 -0.0103877286
101.10 2.45 -0.0701835555 -0.0101778282
101.20 2.45 -0.0694924923 -0.0100546094
101.30 2.45 -0.0687991749 -0.0100335018
101.40 2.45 -0.0681036258 -0.0100970539
101.50 2.46 -0.0674058676 -0.0102530514
101.60 2.46 -0.0667059230 -0.0104893840
101.70 2.46 -0.0660038145 -0.0108253566
101.80 2.46 -0.0652995650 -0.0112199812
101.90 2.46 -0.0645931973 -0.0117248488
102.00 2.47 -0.0638847344 -0.0123291150
102.10 2.47 -0.0631741992 -0.0129777546
102.20 2.47 -0.0624616148 -0.0137884546
102.30 2.47 -0.0617470043 -0.0145448489
102.40 2.48 -0.0610303908 -0.0152926743
102.50 2.48 -0.0603117977 -0.0160321693
102.60 2.48 -0.0595912481 -0.0167270144
102.70 2.48 -0.0588687656 -0.0173326936
102.80 2.49 -0.0581443735 -0.0177777553
102.90 2.49 -0.0574180953 -0.0181268131
103.00 2.49 -0.0566899546 -0.0182469158
103.10 2.49 -0.0559599750 -0.0182033627
103.20 2.50 -0.0552281802 -0.0180098942
103.30 2.50 -0.0544945939 -0.0176432080
103.40 2.50 -0.0537592399 -0.0171885030
103.50 2.50 -0.0530221421 -0.0167202242
103.60 2.51 -0.0522833244 -0.0162528635
103.70 2.51 -0.0515428108 -0.0158362870
103.80 2.51 -0.0508006252 -0.0155002856
103.90 2.51 -0.0500567917 -0.0153172458
104.00 2.52 -0.0493113345 -0.0152458119
104.10 2.52 -0.0485642778 -0.0153931171
104.20 2.52 -0.0478156457 -0.0156084721
104.30 2.52 -0.0470654626 -0.0159133937
104.40 2.53 -0.0463137528 -0.0163069830
104.50 2.53 -0.0455605408 -0.0166364624
104.60 2.53 -0.0448058508 -0.0170196154
104.70 2.53 -0.0440497074 -0.0172201393
104.80 2.53 -0.0432921351 -0.0173534623
104.90 2.54 -0.0425331586 -0.0173805096
105.00 2.54 -0.0417728024 -0.0171865874
105.10 2.54 -0.0410110911 -0.0170583713
105.20 2.54 -0.0402480496 -0.0166286583
105.30 2.55 -0.0394837025 -0.0160782475
105.40 2.55 -0.0387180746 -0.0154700870
105.50 2.55 -0.0379511908 -0.0148123971
105.60 2.55 -0.0371830759 -0.0141645332
105.70 2.56 -0.0364137549 -0.0135495267
105.80 2.56 -0.0356432528 -0.0129411731
105.90 2.56 -0.0348715944 -0.0123732211
106.00 2.56 -0.0340988049 -0.0118846791
106.10 2.57 -0.0333249093 -0.0113624051
106.20 2.57 -0.0325499327 -0.0108684894
106.30 2.57 -0.0317739003 -0.0105540947
106.40 2.57 -0.0309968372 -0.0100853569
106.50 2.58 -0.0302187686 -0.0096333511
106.60 2.58 -0.0294397198 -0.0092122803
106.70 2.58 -0.0286597161 -0.0088307805
106.80 2.58 -0.0278787827 -0.0085252853
106.90 2.59 -0.0270969449 -0.0082565461
107.00 2.59 -0.0263142282 -0.0080719652
107.10 2.59 -0.0255306579 -0.0079807251
107.20 2.59 -0.0247462595 -0.0079854161
107.30 2.60 -0.0239610584 -0.0083909233
107.40 2.60 -0.0231750800 -0.0086343921
107.50 2.60 -0.0223883498 -0.0089317663
107.60 2.60 -0.0216008935 -0.0093270766
107.70 2.61 -0.0208127364 -0.0097735184
107.80 2.61 -0.0200239043 -0.0102871102
107.90 2.61 -0.0192344226 -0.0110065527
108.00 2.61 -0.0184443169 -0.0115703083
108.10 2.61 -0.0176536130 -0.0120948998
108.20 2.62 -0.0168623365 -0.0126070130
108.30 2.62 -0.0160705130 -0.0130730888
108.40 2.62 -0.0152781681 -0.0134644545
108.50 2.62 -0.0144853277 -0.0138009097
108.60 2.63 -0.0136920174 -0.0140881122
108.70 2.63 -0.0128982630 -0.0142798245
108.80 2.63 -0.0121040902 -0.0144787830
108.90 2.63 -0.0113095248 -0.0145514684
109.00 2.64 -0.0105145925 -0.0145365535
109.10 2.64 -0.0097193191 -0.0145108242
109.20 2.64 -0.0089237305 -0.0146603157
109.30 2.64 -0.0081278524 -0.0145032756
109.40 2.65 -0.0073317106 -0.0144008324
109.50 2.65 -0.0065353310 -0.0141509489
109.60 2.65 -0.0057387395 -0.0140430186
109.70 2.65 -0.0049419617 -0.0137133309
109.80 2.66 -0.0041450237 -0.0133562668
109.90 2.66 -0.0033479512 -0.0129439899
110.00 2.66 -0.0025507701 -0.0124454628
110.10 2.66 -0.0017535063 -0.0118896589
110.20 2.67 -0.0009561856 -0.0112629992
110.30 2.67 -0.0001588339 -0.0106318767
110.40 2.67 0.0006385230 -0.0099240810
